Sample.Name	Median.Number.of.Roots	Maximum.Number.of.Roots	Number.of.Root.Tips	Total.Root.Length.px	Depth.px	Maximum.Width.px	Width-to-Depth.Ratio	Network.Area.px2	Convex.Area.px2	Solidity	Lower.Root.Area.px2	Average.Diameter.px	Median.Diameter.px	Maximum.Diameter.px	Perimeter.px	Volume.px3	Surface.Area.px2	Holes	Average.Hole.Size.px2	Computation.Time.s	Average.Root.Orientation.deg	Shallow.Angle.Frequency	Medium.Angle.Frequency	Steep.Angle.Frequency	Root.Length.Diameter.Range.1.px	Root.Length.Diameter.Range.2.px	Root.Length.Diameter.Range.3.px	Projected.Area.Diameter.Range.1.px2	Projected.Area.Diameter.Range.2.px2	Projected.Area.Diameter.Range.3.px2	Surface.Area.Diameter.Range.1.px2	Surface.Area.Diameter.Range.2.px2	Surface.Area.Diameter.Range.3.px2	Volume.Diameter.Range.1.px3	Volume.Diameter.Range.2.px3	Volume.Diameter.Range.3.px3
w1-2-2-11	6	35	1996	156495.8267	3542	4170	1.177301	3918071	9737157	0.402383	3426924	72.0714	38.209946	871.215271	115697.5923	2228053011	36863033.05	638	1840.550157	1.572	44.637417	0.301669	0.382147	0.316183	846.991991	5199.697111	150449.1376	1686.327127	20089.04225	11711300.49	5297.752915	63139.68682	36794595.61	2648.876457	62642.33278	2227987720
w1-2-2-12	15	30	2091	140638.3993	2979	3578	1.201074	3390188	7529815	0.450235	2951453	60.316237	35.777088	717.400879	112526.1274	1216224260	27336300.82	481	2628.787942	1.173	43.039101	0.350144	0.327988	0.321868	805.423448	5543.615942	134289.3599	1600.361615	21493.41364	8677504.935	5027.684293	67537.60003	27263735.53	2513.842147	67234.39795	1216154512
w1-2-2-13	8	35	2026	150963.7895	3648	3468	0.950658	3724840	8454678.5	0.440566	3335022	62.971882	35.44009	764.316711	115812.9327	1544670124	30873543.8	626	1779.242812	1.434	45.624494	0.29704	0.363304	0.339655	913.849855	5299.165148	144750.7745	1824.871283	20502.7044	9804626.49	5733.002217	64439.24478	30803371.55	2866.501108	63993.76322	1544603264
w1-2-2-3	8	25	1572	104890.3374	2968	2878	0.969677	2476667	6246773.5	0.396471	2306685	57.126922	36.055511	591.259644	81283.90536	692935124.6	19246715.02	394	1541.063452	0.936	43.48752	0.353313	0.313482	0.333205	641.156421	3731.311109	100517.8699	1282.312842	14425.39884	6110298.756	4028.504604	45318.72702	19197367.79	2014.252302	44936.11606	692888174.2
w1-2-2-9	6	27	1480	111716.3906	3043	3725	1.224121	3051974	7264357.5	0.42013	2391002	70.744826	37.576588	826.946167	86681.58508	1460671250	25360054.42	401	2063.753117	1.148	42.992723	0.348479	0.346243	0.305277	555.67114	3143.563851	108017.1556	1108.513852	12181.18901	8058893.638	3482.498974	38282.38354	25318289.54	1741.249487	38070.9924	1460631438
w1-3-2-23	9	25	1375	97009.46479	3648	3058	0.838268	2468256	7716312.5	0.319875	2338217	56.194083	38.470768	452.769257	86570.91726	583897480.6	17737480.82	241	4064.564315	1.163	46.938442	0.264178	0.391445	0.344377	485.529004	3362.83297	93161.10282	966.229581	13001.80306	5631756.587	3035.499753	40846.36899	17693598.95	1517.749876	40588.11082	583855374.7
w1-3-2-26	8	31	1919	145322.5986	3575	3636	1.017063	3938820	9085933	0.433507	3610664	69.379443	40.249222	749.946655	109451.0231	1649493202	32702389.17	503	1635.244533	1.445	44.417163	0.300992	0.396621	0.302387	742.636652	4260.550791	140319.4112	1471.959595	16439.83839	10390991.9	4624.29745	51661.32515	32646103.54	2312.148725	51168.06738	1649439722
w1-3-2-27	9	29	1628	113236.8191	3141	3381	1.076409	2763829	7075642	0.390612	2473016	63.455671	40.249222	531.32666	81069.73119	922882563.2	23173326.96	431	1346.078886	1.128	43.605842	0.341679	0.328227	0.330094	700.269119	4279.249276	108257.3007	1392.881384	16564.65104	7357946.275	4375.865925	52039.38601	23116911.7	2187.932962	51758.41601	922828616.8
w1-3-2-29	16	34	2663	170417.1497	3464	3175	0.91657	4299437	8473148.5	0.507419	3871438	59.456022	35.777088	858.009338	133290.0081	1620718906	32878884.42	667	1916.763118	1.446	44.039784	0.341599	0.309013	0.349389	957.004184	5847.395595	163612.75	1909.179941	22524.74791	10440355.61	5997.865677	70791.68183	32802094.87	2998.932839	70096.81564	1620645811
w1-3-2-31	14	29	2273	134982.3989	3215	3410	1.060653	3224951	8104187.5	0.397936	2684615	56.432314	32.062439	683.953186	111560.7642	1087556467	24746904.11	421	2748.527316	1.273	45.634642	0.302204	0.352566	0.345231	803.536147	4731.913273	129446.9495	1607.072293	18210.03705	7857126.743	5048.76651	57208.51862	24684646.83	2524.383255	56593.71016	1087497349
w1-8-2-123	17	42	2945	201377.5394	3648	4743	1.300164	5268396	12363325	0.426131	4787539	66.313101	38.832977	792.615906	160414.4145	2232670311	43790590.83	576	3589.420139	1.926	44.17887	0.319501	0.35583	0.324669	802.595021	5487.898121	195087.0463	1593.876334	21075.95804	13915459.42	5016.195947	66240.17421	43719334.46	2508.097973	65412.56357	2232602390
w1-8-2-125	9	36	2189	158182.9914	3591	3328	0.926761	4697697	8684032	0.540958	3894109	81.303593	38.418747	981.305237	112115.6924	2821024798	41584696.12	560	998.082143	1.481	44.886567	0.323787	0.327771	0.348442	989.305699	5386.234124	151807.4516	1971.782971	20817.93913	13213185.23	6194.538897	65415.53426	41513086.05	3097.269449	64872.84385	2820956828
w1-8-2-126	12	39	2850	172854.3515	3648	4493	1.231634	4038687	10290753	0.392458	3617167	58.400301	34.176014	748.438354	140558.7417	1518090895	32600051.81	552	2649.891304	1.807	43.081009	0.352345	0.326341	0.321314	1141.543289	6284.3632	165428.445	2280.258152	24330.45165	10349403.67	7163.642257	76436.36815	32516451.8	3581.821129	75921.27543	1518011392
w1-8-2-127	13	44	2746	181330.3665	3648	4174	1.144189	5056907	10237521	0.493958	4374689	72.403259	39.698868	856.420471	134407.0548	2618705667	43081362.16	558	1913.453405	1.729	43.368703	0.347895	0.325161	0.326945	924.577777	5898.449419	174507.3393	1849.155554	22716.87159	13688166.78	5809.293505	71381.20654	43004171.66	2904.646753	70673.03497	2618632089
w1-8-2-129	8	27	1625	116709.9113	3342	2721	0.814183	3499993	7050337.5	0.496429	2780945	78.743928	42	915.370972	86793.86741	2097426225	29750267.29	390	2960.128205	1.062	42.789406	0.359786	0.309055	0.33116	501.730014	3482.458295	112725.7229	1000.631601	13402.57765	9454871.495	3143.576887	42119.48913	29705004.23	1571.788443	41648.64151	2097383005
w1-9-2-141	15	47	2559	188769.7948	3648	4214	1.155154	5296180	10682674	0.495773	4437185	74.683708	37.363083	1008.432434	156899.3752	3263633581	46424895.75	531	2667.734463	1.837	45.355646	0.320316	0.304426	0.375258	1115.34733	6518.152088	181136.2954	2225.866233	25223.21489	14749358.91	7001.65077	79241.06659	46338653.04	3500.825385	78768.58615	3263551312
w1-9-2-142	12	35	2382	181072.7005	3648	3428	0.939693	5531091	10387501	0.532476	4211253	80.214439	37.94733	1042.957275	138075.8749	3694255582	47506668.83	650	1765.049231	1.597	43.09031	0.369328	0.285485	0.345187	791.766594	5206.185351	175074.7486	1580.704761	20064.46882	15099796.54	4965.930464	63034.38783	47438668.51	2482.965232	62407.90514	3694190691
w1-9-2-146	10	31	1635	159450.2485	3500	3345	0.955714	5670620	8827652.5	0.64237	4676248	96.864497	52.611786	1048.627686	100394.8852	3827156801	50089448.68	529	1240.476371	1.526	42.576146	0.36542	0.306441	0.32814	563.801082	3350.622725	155535.8246	1127.602164	12891.63628	15929569.45	3542.466674	40500.26983	50045405.94	1771.233337	40056.02585	3827114974
w1-9-2-148	12	42	2371	175513.2969	3648	3440	0.942982	5341677	9515386.5	0.561373	4583522	78.089208	42	928.021545	129692.0638	2985369019	44803140.16	557	1734.766607	1.462	42.890844	0.364436	0.299182	0.336382	1030.619408	5249.594514	169233.083	2049.581961	20175.87149	14238862.06	6438.951633	63384.36966	44733316.84	3219.475816	62593.67388	2985303206
w1-9-2-149	10	26	1720	134780.1869	3648	3046	0.834978	4383650	8624269.5	0.508292	3438978	84.628376	45.122055	987.564697	99339.5713	2522442260	37141498.55	351	1824.649573	1.362	43.713043	0.355896	0.279187	0.364916	581.156421	3330.184125	130868.8463	1162.312842	12787.9714	11808089.22	3651.513485	40174.59702	37097672.44	1825.756743	39697.3004	2522400737
w2-2-2-14	11	36	2152	165131.2917	3648	4008	1.098684	4569409	9274089.5	0.492707	4067557	85.468501	46	951.57135	117654.9558	3332958792	46637896.93	475	4308.366316	1.626	43.120701	0.334273	0.360087	0.30564	1084.300649	5333.733691	158713.2574	2154.116016	20618.82411	14821953.83	6767.355051	64775.94635	46566353.63	3383.677525	64328.51061	3332891080
w2-2-2-17	11	30	1688	116232.7	2959	3420	1.155796	2721354	7466679	0.364466	2249141	55.007796	30.594116	648.459717	105258.9746	903691432.8	20725816.31	403	2366.451613	1.145	47.073306	0.28606	0.345662	0.368278	793.766594	4504.864499	110934.0689	1582.704761	17461.66282	6578067.54	4972.21365	54871.48127	20665972.62	2486.106825	54569.44919	903634377.2
w2-2-2-18	12	31	1604	116154.3999	2617	3473	1.327092	2768542	6881690	0.402306	2509988	56.827175	32.55764	663.641479	90322.39208	887732145.6	21192715.56	561	1287.467023	1.088	43.989013	0.345877	0.31741	0.336712	597.499567	4102.857357	111454.0429	1189.342279	15946.10946	6728070.817	3736.428967	50096.18033	21138882.95	1868.214483	49924.80661	887680352.6
w2-2-2-19	9	42	2350	164894.3104	3414	3385	0.991506	3859424	8680365	0.444615	3440270	58.77703	29.732138	711.16803	132019.6527	1528999593	31220043.91	781	1450.919334	1.418	45.026797	0.320645	0.339838	0.339518	1136.886435	6542.188668	157215.2352	2264.116016	25375.25417	9909310.225	7112.930242	79718.71209	31133212.27	3556.465121	79343.81062	1528916693
w2-2-2-20	7	37	2591	168999.8885	3648	3724	1.020833	4239321	8829081	0.480154	3422526	68.370121	34.058773	829.778259	121358.7432	2108741417	37712701.29	689	1499.734398	1.632	43.929381	0.302936	0.400104	0.29696	1187.141269	7112.800933	160699.9463	2362.96883	27481.90784	11974167.7	7423.485516	86336.95976	37618940.84	3711.742758	85595.19805	2108652110
w2-3-2-35	10	32	2673	162297.7306	3642	3285	0.901977	3880559	7741284.5	0.501281	3632702	60.103884	37.94733	661.809631	113841.4071	1278900996	31522999.77	594	1465.367003	1.375	43.393445	0.352392	0.32219	0.325419	1055.915872	6378.152088	154863.6627	2111.831745	24587.0498	10006819.32	6634.515095	77288.36582	31439076.88	3317.257547	76545.93305	1278821133
w2-3-2-37	8	34	1626	138786.204	3648	3270	0.896382	4597802	7991999.5	0.575301	3799080	92.128109	44.407207	1070.089722	102109.4813	3293854004	41754047.56	411	2588.355231	1.361	43.860571	0.320589	0.360519	0.318892	510.931024	3873.330445	134401.9425	1021.862048	15028.33441	13274398.43	3210.274304	47212.90499	41703624.38	1605.137152	46982.78303	3293805416
w2-3-2-38	8	44	2654	182166.5515	3648	4183	1.146656	4219912	10388201.5	0.406222	3685925	59.451102	36.878178	622.539978	141373.3651	1447558164	35046960.9	626	2335.958466	1.633	43.274626	0.326695	0.380336	0.292969	904.577777	5776.12561	175485.8481	1803.4987	22398.74971	11130861.14	5665.858267	70367.74752	34970927.29	2832.929134	70067.77365	1447485263
w2-3-2-39	9	36	2150	153257.0442	3399	3920	1.15328	3730074	8670468.5	0.430204	2986391	64.884443	35.383614	829.891541	113756.1274	1736438127	32164715.72	618	1994.156958	1.411	44.468034	0.302119	0.391845	0.306036	1017.518903	5480.85144	146758.6738	2029.380951	21050.16461	10214824.82	6375.488288	66131.04251	32092209.19	3187.744144	65213.19524	1736369726
w2-3-2-40	7	27	1661	131282.2681	3648	3724	1.020833	3954028	8513673	0.464433	3123952	78.151468	42.047592	812.04187	98135.38428	2071248851	33311274.9	428	2159.436916	1.384	44.636678	0.30589	0.371458	0.322652	385.504617	3357.416665	127539.3468	768.180808	12978.40181	10589392.17	2413.311182	40800.95104	33268060.64	1206.655591	40541.98448	2071207102
w2-8-2-131	9	32	1733	137985.776	3635	3604	0.991472	4003389	8808768.5	0.454478	3423454	71.496002	41.617306	927.60553	109734.8172	1915779395	31675337.33	441	2478.120181	1.411	44.898169	0.315267	0.35409	0.330643	593.357431	4002.774096	133389.6445	1183.886435	15557.17529	10065703.67	3719.288927	48874.30762	31622743.73	1859.644464	48679.96704	1915728855
w2-8-2-132	8	34	1835	126505.7617	3531	4072	1.153214	2910342	9115091.5	0.319288	2909648	53.051985	32.55764	610.003296	114600.8568	845549579.8	21745080.21	398	3609.208543	1.397	45.145666	0.281397	0.414169	0.304434	404.67619	3221.622725	122879.4628	809.35238	12467.81141	6907842.279	2542.655493	39196.88398	21703340.67	1271.327746	38959.72494	845509348.7
w2-8-2-133	9	28	1643	135784.373	3648	3701	1.014529	3825688	8308191.5	0.460472	3423401	82.76233	44.407207	801.411255	104134.3193	2307647249	36574131.64	369	2492.666667	1.46	45.431413	0.282248	0.388076	0.329677	518.700577	3113.622725	132152.0497	1030.572727	11998.00008	11628756.44	3237.639707	37715.76432	36533178.24	1618.819853	37345.72443	2307608284
w2-8-2-135	9	28	2043	134307.6727	3648	2643	0.724507	3141144	7189994.5	0.436877	2789318	60.880625	33.526108	723.394775	106482.2176	1446799861	26758430.31	546	3425.424908	1.147	45.096044	0.319897	0.333072	0.347032	769.766594	4446.562984	129091.3431	1539.533188	17193.98676	8498448.648	4836.586154	54016.50249	26699577.23	2418.293077	53612.99537	1446743829
w2-8-2-140	7	37	2752	201596.1289	3648	4136	1.133772	5903059	10735914.5	0.549842	4907486	83.263888	44.271889	1164.027466	128171.0639	4049114819	53969095.6	724	1647.517956	1.712	41.095596	0.349925	0.387397	0.262678	1193.14632	6625.431309	193777.5512	2383.464212	25619.95684	17149958.28	7487.873659	80487.46819	53881120.26	3743.93683	79869.51213	4049031205
w2-9-2-151	10	33	2381	145741.3443	2837	3911	1.378569	3661610	7836787	0.467234	3016118	67.885384	34.928497	905.988953	107847.0867	1944098107	31836999.8	549	1946.453552	1.259	42.980867	0.333401	0.372988	0.293612	990.288455	5328.508294	139422.5475	1978.576911	20629.19024	10110895.68	6215.882687	64850.66141	31765933.26	3107.941344	64439.72273	1944030559
w2-9-2-152	9	31	1848	143034.6804	3093	4164	1.346266	4285743	8471141.5	0.505923	3664864	87.128736	44.045429	955.028809	94743.38234	2976693880	40674119.27	507	1365.461538	1.51	43.951771	0.329383	0.346953	0.323664	699.009235	3999.092855	138336.5783	1395.190042	15486.54792	12929984.09	4383.118787	48680.52444	40621055.63	2191.559394	48408.23652	2976643280
w2-9-2-153	7	34	1989	151522.8177	3648	3877	1.062774	4130821	8786928	0.47011	3626107	69.272966	39.446167	793.395264	110425.5897	1763733225	33971240.16	588	1145.916667	1.561	44.453301	0.322064	0.343106	0.33483	849.121933	4688.98434	145984.7114	1693.415439	18139.88247	10793153.7	5320.021503	56988.12149	33908932.02	2660.010751	56538.67016	1763674027
w2-9-2-154	5	29	1637	122347.1244	3281	3130	0.953977	3507564	7196010	0.487432	2856560	93.927042	40.249222	974.248413	80510.75839	3217560064	37471693.94	493	702.212982	1.155	42.92701	0.308791	0.407917	0.283292	622.139177	3595.465438	118129.5198	1229.793073	13913.97924	11911817.77	3863.508883	43726.10459	37424104.32	1931.754441	43430.6141	3217514701
w2-9-2-159	7	36	2254	162426.7854	3095	3852	1.244588	3959630	7609757.5	0.520336	3353022	73.017557	40	812.088684	106799.8611	2311180515	38486579.58	716	1149.212291	1.394	42.873527	0.302879	0.447861	0.24926	1217.011327	6038.394729	155171.3794	2427.194226	23305.21531	12224424.96	7625.25555	73243.59246	38405710.73	3812.627775	72576.98516	2311104126
