Sample.Name	Median.Number.of.Roots	Maximum.Number.of.Roots	Number.of.Root.Tips	Total.Root.Length.px	Depth.px	Maximum.Width.px	Width-to-Depth.Ratio	Network.Area.px2	Convex.Area.px2	Solidity	Lower.Root.Area.px2	Average.Diameter.px	Median.Diameter.px	Maximum.Diameter.px	Perimeter.px	Volume.px3	Surface.Area.px2	Holes	Average.Hole.Size.px2	Computation.Time.s	Average.Root.Orientation.deg	Shallow.Angle.Frequency	Medium.Angle.Frequency	Steep.Angle.Frequency	Root.Length.Diameter.Range.1.px	Root.Length.Diameter.Range.2.px	Root.Length.Diameter.Range.3.px	Projected.Area.Diameter.Range.1.px2	Projected.Area.Diameter.Range.2.px2	Projected.Area.Diameter.Range.3.px2	Surface.Area.Diameter.Range.1.px2	Surface.Area.Diameter.Range.2.px2	Surface.Area.Diameter.Range.3.px2	Volume.Diameter.Range.1.px3	Volume.Diameter.Range.2.px3	Volume.Diameter.Range.3.px3
d1-12-2-160	8	19	820	37803.90243	1924	2758	1.433472	638773	3301342.5	0.193489	622684	32.721677	21.260292	400.005005	43424.62479	103963765.8	3984897.594	97	1582.85567	0.527	47.630393	0.28232	0.335093	0.382587	318.592929	2035.126117	35450.18338	637.185858	7925.949744	1259818.731	2001.778411	24900.10549	3957995.71	1000.889206	24802.35715	103937962.5
d1-12-2-162	4	27	797	68666.07831	2069	3212	1.552441	2046548	3917982	0.522347	1779394	81.39989	38.626415	666.417297	52971.74362	1099219395	18320966.28	248	1296.979839	0.772	44.97524	0.319899	0.342085	0.338015	227.965512	1456.62655	66981.48625	451.931024	5598.427524	5825346.844	1419.783186	17587.97878	18301958.51	709.891593	17382.77546	1099201302
d1-12-2-164	4	23	566	56596.73791	2123	1907	0.898257	1728052	2782708.5	0.620996	1591469	79.244071	44.271889	522.137939	37862.43021	669906762.7	14580194.26	243	354.411523	0.568	46.417533	0.286706	0.369785	0.343509	228.521861	1190.58492	55177.63113	454.215295	4570.809361	4635863.14	1426.959435	14359.62111	14564407.68	713.479718	14199.14914	669891850
d1-12-2-170	6	24	1215	72888.30233	3153	3159	1.001903	1414075	4912803.5	0.287835	1360729	38.459884	28.284271	434.004608	68235.13805	203660576.8	9004560.555	319	1655.570533	0.929	45.92237	0.303921	0.354221	0.341858	420.617316	2558.022654	69909.66236	838.406204	9979.965717	2855237.115	2633.930772	31367.03661	8970559.588	1316.965386	31380.74506	203627879.1
d1-12-2-171	10	28	1288	110869.3952	2740	3865	1.410584	2708651	6974473	0.388366	1377653	60.859698	30	523.450073	92525.14215	987838284.5	21975913.41	489	1266.593047	1.1	47.101605	0.290146	0.358452	0.351402	549.700577	3093.777054	107225.9175	1093.744299	11929.52644	6981818.547	3436.099056	37495.48415	21934981.83	1718.049528	37112.00601	987799454.5
d1-13-2-201	4	18	759	36540.2043	2042	2447	1.198335	692637	2547934	0.271843	621531	39.225219	25.059929	402.124359	36406.00921	131942889.7	4627179.7	129	1047.062016	0.519	45.107122	0.29048	0.404351	0.305169	212.308658	1629.067243	34698.8284	421.788889	6288.527714	1466134.478	1325.088874	19755.99247	4606098.618	662.544437	19601.29591	131922625.9
d1-13-2-203	11	27	1447	79573.72145	2725	2915	1.069725	1413295	4620348.5	0.305885	1413295	34.40936	24.738634	368.879395	80658.41575	173000719	8771007.706	312	3051.823718	0.813	47.60909	0.282531	0.344036	0.373432	511.07316	3282.848122	75779.80016	1016.489465	12693.07338	2777863.249	3193.395837	39890.5157	8727923.794	1596.697919	39572.76615	172959549.6
d1-13-2-205	3	19	827	56456.83041	3506	3294	0.939532	1162877	6727501.5	0.172854	1067005	44.149054	27.856777	424.796417	55785.34895	224507641	7971986.454	194	1267.809278	0.933	46.889423	0.263678	0.397435	0.338887	180.894444	1606.971788	54668.96417	361.788889	6216.135851	2530876.655	1136.593315	19528.56673	7951321.294	568.296657	19390.27948	224487682.4
d1-13-2-208	6	23	1196	107901.4294	3648	2431	0.666393	2731846	6562219	0.416299	2731846	61.106146	39.293766	644.015503	79079.86669	801124813.7	21067134.75	487	960.566735	1.014	46.474272	0.305282	0.326927	0.367791	356.63456	2440.140403	105104.6545	713.269119	9446.564479	6695379.387	2240.801025	29677.25757	21035216.69	1120.400513	29498.64044	801094194.7
d1-13-2-210	7	32	1034	90661.48009	2460	2978	1.210569	2362262	4984877.5	0.473886	2150097	66.984311	37.576588	639.831238	71035.1001	981074233.7	19614439.86	393	897.147583	0.864	45.527994	0.293044	0.391776	0.31518	513.801082	2695.201369	87452.47764	1014.288455	10389.09281	6231771.823	3186.48116	32656.0692	19578597.31	1593.24058	32319.04807	981040321.4
d1-18-2-313	9	21	810	51247.57486	1901	3147	1.655445	1130583	3805663.5	0.297079	1059245	49.143396	34	449.177032	46998.70408	235851639.4	7901925.545	154	2727.12987	0.642	44.009305	0.291933	0.406506	0.301561	249.663997	1662.09668	49335.81418	499.327994	6389.612734	2508311.993	1568.685157	20087.61005	7880269.25	784.342579	19890.11504	235830964.9
d1-18-2-321	2	19	689	34988.64168	2008	2698	1.343625	641645	3345596	0.191788	569784	38.325264	22.803509	378.423035	36761.67025	120338582.3	4299656.635	104	4195.442308	0.529	43.235057	0.320473	0.412676	0.26685	267.563492	2073.270345	32647.80784	535.126984	8019.756521	1359998.904	1681.151001	25194.80817	4272780.676	840.5755	25052.09386	120312689.7
d1-18-2-323	5	23	726	57832.27998	1802	2625	1.456715	1785873	3491279	0.511524	1525071	83.057238	39.446167	728.642578	43545.76729	994340294.7	15386099.57	232	1508.512931	0.625	45.469825	0.309623	0.360318	0.330058	228.107648	1304.609307	56299.56302	453.386868	5067.314367	4891877.576	1424.356855	15919.43759	15368755.77	712.178427	15873.23883	994323709.3
d1-18-2-326	6	22	740	48798.75494	2013	2410	1.197218	1063534	2906855	0.365871	967771	46.79681	31.240999	408.827606	45506.00401	203085884	7246910.132	169	2287.573964	0.579	44.774122	0.310633	0.36339	0.325978	230.551299	1433.881384	47134.32226	458.27417	5581.341038	2300719.052	1439.710766	17548.34963	7227922.072	719.855383	17492.60699	203067671.5
d1-18-2-328	7	23	716	53121.3864	1840	2655	1.442935	1258599	3508841.5	0.358694	1258599	54.427325	32	509.878418	48176.72969	355037879.7	9189753.832	205	1559.063415	0.595	44.751376	0.289219	0.404682	0.306099	256.279221	1757.606348	51107.50083	512.558441	6898.346757	2917649.422	1610.249833	21671.7955	9166471.786	805.124917	21783.46888	355015291.1
d1-19-2-341	3	27	812	63136.5444	2698	2593	0.961082	1333718	4253239.5	0.313577	1179958	49.772742	30	500.036011	56347.2763	377338255.5	10261147.96	292	1078.643836	0.777	43.650113	0.353106	0.321389	0.325505	316.776695	1890.966738	60928.80097	627.896536	7357.245149	3258218.429	1981.480912	23113.46731	10236053.01	990.740456	23049.63248	377314215.1
d1-19-2-344	6	21	655	43415.61959	1594	2820	1.769134	1209437	3030605	0.399074	975550	72.870805	28.071337	669.44751	40030.99947	664857643.3	10179962.49	149	1381.791946	0.527	41.957106	0.3346	0.414093	0.251306	239.622366	1443.319985	41732.67724	476.416306	5634.426742	3234152.98	1496.705966	17701.07366	10160764.71	748.352983	17704.64729	664839190.3
d1-19-2-346	10	22	1100	94243.95231	2738	2861	1.044923	2707877	5081781.5	0.53286	2425389	69.072174	40.792156	678.153381	67894.78725	1011676730	20702985.7	434	1026.857143	0.88	44.330779	0.309794	0.380279	0.309927	321.320851	2089.417531	91833.21393	634.984848	8115.882201	6581214.154	1994.863734	25496.7959	20675494.04	997.431867	25408.44272	1011650324
d1-19-2-348	9	20	1040	76790.34136	2829	3227	1.140686	2229763	6158781	0.362046	1995858	73.550831	35.608986	731.994507	67643.28784	1165437976	18289506.14	227	3110.286344	0.907	45.906173	0.301186	0.348617	0.350197	197.409163	1939.505843	74653.42636	390.818326	7555.351031	5813641.388	1227.791981	23735.8353	18264542.51	613.895991	23736.77725	1165413625
d1-19-2-350	4	29	832	62732.73567	3093	2757	0.891368	1696887	5247939.5	0.323343	1392860	66.59304	31.048349	630.634583	58336.38553	720714310.2	13535847.91	216	1972.319444	0.837	47.837104	0.263434	0.369236	0.36733	201.793939	1756.055049	60774.88668	398.759451	6821.443488	4301287.646	1252.739763	21447.96828	13513147.2	626.369881	21418.54614	720692265.3
d2-12-2-166	7	18	361	24504.13021	881	1856	2.106697	569596	1246328	0.457019	569596	47.168393	32.55764	376.876648	22947.3624	96508206.97	3684510.281	82	2248.707317	0.296	42.051862	0.368976	0.357597	0.273427	85.59798	578.215295	23840.31694	168.367532	2226.37538	1170421.305	528.942203	6994.364538	3676986.974	264.471101	6909.504915	96501032.99
d2-12-2-175	9	37	1356	126191.0916	2810	3240	1.153025	3107081	6641881	0.467801	2738571	61.19883	35.44009	605.104919	90991.35918	1003868852	24966429.27	636	898.773585	1.069	46.324291	0.296343	0.361115	0.342542	373.261977	2939.184125	122878.6455	746.523953	11365.41159	7934770.678	2345.274168	35705.49354	24928378.5	1172.637084	35409.60369	1003832270
d2-12-2-176	7	26	1440	90157.27296	3390	3426	1.010619	1998161	7357425	0.271584	1888954	51.068052	31.112698	551.089844	78113.17448	554802341.3	14943335.3	353	2209.679887	1.11	45.711354	0.317386	0.335373	0.347241	481.031529	3464.700936	86211.54049	962.063059	13411.97603	4741816.648	3022.410237	42163.06462	14898149.83	1511.205119	41916.46164	554758913.6
d2-12-2-178	11	39	2093	190099.8955	3648	4085	1.119792	4882190	10339676	0.47218	4530347	63.971384	35.383614	686.769226	141909.5898	1709404191	39159654.09	914	1596.212254	1.671	45.836376	0.31217	0.336151	0.351679	845.820418	4892.949853	184361.1253	1683.155554	18836.1615	12443909.14	5287.789125	59226.58123	39095139.72	2643.894562	58621.66761	1709342925
d2-12-2-200	5	27	1078	60634.06172	2463	1724	0.699959	1061773	2973049.5	0.357133	1061773	35.277419	24.413111	321.123016	54364.6447	120287986.1	6857754.781	321	823.841121	0.575	46.845602	0.31106	0.313947	0.374993	361.605122	2250.270345	58022.18625	709.553391	8653.39725	2173357.924	2229.127719	27185.44923	6828340.204	1114.56386	26882.93426	120259988.6
d2-13-2-211	6	20	569	25896.98043	1317	2193	1.665148	452620	1672242	0.270667	436518	33.678809	23.323807	304.217041	26878.6007	54104098.97	2799215.633	76	1982.697368	0.371	46.195936	0.262823	0.419969	0.317208	150.024387	945.962554	24800.99349	300.048773	3646.822361	887038.5807	942.631022	11456.83034	2786816.171	471.315511	11348.00191	54092279.66
d2-13-2-214	7	33	1194	94018.83457	2122	3458	1.629595	2570987	5221234.5	0.49241	2396551	77.552369	36	712.699097	69481.33855	1336333584	23350451.47	385	1292.174026	0.88	44.564999	0.316459	0.375652	0.307889	443.972655	2436.696752	91138.16516	881.116882	9476.318006	7422260.14	2768.110325	29770.73103	23317912.63	1384.055162	29692.04786	1336302508
d2-13-2-216	9	29	1452	107221.7662	3133	3195	1.019789	2427781	6638267.5	0.365725	2217589	56.909069	29.529646	630.897766	91787.15643	898925244.2	19674059.18	489	1169.660532	1.047	45.333332	0.305492	0.364051	0.330456	592.955411	3340.19841	103288.6123	1185.910822	12852.57224	6247877.813	3725.648725	40377.54651	19629955.98	1862.824363	39943.8413	898883437.5
d2-13-2-218	3	25	1089	64088.79924	3648	1824	0.5	1144122	4472769	0.255797	1144122	36.937955	26	443.589905	61230.2838	168318821.3	7569471.75	278	992.730216	0.738	47.847572	0.283972	0.323673	0.392355	465.445743	2622.750576	61000.60292	922.406204	10018.53118	2398036.374	2897.824555	31474.14397	7535099.782	1448.912278	30947.29111	168286425
d2-13-2-219	6	25	1213	64465.73444	3015	2843	0.942952	1152112	5864527	0.196454	1152112	33.693421	26	347.26358	70324.58083	129511250.4	6902328.302	222	2589.630631	0.89	48.139045	0.271677	0.335294	0.393029	407.031529	2683.745525	61374.95739	807.234631	10387.42704	2185741.233	2536.002388	32633.06447	6867159.235	1268.001194	32422.85144	129477559.6
d2-18-2-325	2	30	1147	85281.79323	3405	2623	0.770338	2163171	5557156.5	0.389259	2163171	64.842751	31.304953	766.874146	77236.46207	1032172581	17697587.48	297	1867.585859	0.943	45.923489	0.298907	0.350115	0.350978	375.261977	2468.532322	82437.99893	750.523953	9511.907274	5622970.462	2357.840538	29914.35918	17665315.28	1178.920269	29685.2005	1032141717
d2-18-2-335	5	19	1185	69749.49166	3648	2978	0.816338	1373256	6740670	0.203727	1328495	36.423483	28.071337	383.019592	70332.99	152220303.5	8088241.785	241	3007.896266	0.95	47.71963	0.272663	0.351385	0.375952	266.350288	2021.523087	67461.61828	532.700577	7804.06538	2566008.565	1673.528219	24531.2441	8062037.013	836.764109	24340.77289	152195126
d2-18-2-337	4	18	601	42351.21772	2344	2129	0.908276	981115	3162987	0.310186	846612	52.926976	28	382.753174	40608.93814	244724376.7	7206941.295	133	1144.781955	0.523	47.217832	0.292038	0.346479	0.361483	176.710678	1783.954544	40390.5525	353.421356	7084.370935	2286592.074	1110.305936	22270.25732	7183560.732	555.152968	22637.5066	244701184
d2-18-2-338	5	27	974	80181.07505	2644	3044	1.151286	2280678	5783362	0.394352	2078642	72.246548	36.055511	594.084167	67682.78531	989926799.8	18818159.58	256	1844.0625	0.87	47.348328	0.271943	0.372892	0.355164	326.249783	2104.464212	77750.36106	652.499567	8120.458104	5981082.332	2049.887845	25539.27078	18790570.42	1024.943923	25304.72525	989900470.1
d2-18-2-340	5	17	1277	56910.04672	3648	3700	1.014254	935774	6726566	0.139116	935388	29.966434	24.331051	336.689758	60954.14289	84390613.31	5458943.531	166	1740.873494	1.055	44.429894	0.351632	0.303294	0.345074	446.546248	2487.60844	53975.89203	881.435642	9587.598482	1726902.072	2769.111736	30120.32896	5426054.091	1384.555868	29843.45992	84359385.29
d2-19-2-351	8	31	1046	105739.2706	3117	3249	1.042348	3537911	7353999	0.481087	2765993	86.002585	39.293766	940.136169	86370.69583	2184753254	29396012.69	398	1426.251256	1.123	46.863123	0.30335	0.313531	0.383119	306.663997	2069.434775	103363.1718	602.014285	8068.025026	9348095.329	1891.283656	25355.33392	29368766.08	945.641828	25359.4561	2184726949
d2-19-2-354	9	21	924	48910.52536	1968	2257	1.14685	825289	3289560	0.250881	825289	34.603872	22.090721	429.161987	51883.55516	132931885.9	5412808.205	185	2280.405405	0.498	46.369124	0.302182	0.336323	0.361495	303.936075	2385.265294	46221.324	607.87215	9362.967099	1712776.782	1909.68668	29414.62866	5381483.889	954.84334	29551.61416	132901379.5
d2-19-2-355	5	17	481	32942.55719	1786	2607	1.459686	731086	2804633	0.260671	675031	48.876195	25.612497	368.911926	33183.93901	160799975.6	5115321.987	111	1237.324324	0.508	42.5854	0.325377	0.416632	0.257991	174.610173	1091.38391	31676.56311	349.220346	4184.950507	1623717.064	1097.108074	13147.40977	5101077.469	548.554037	12951.79017	160786475.2
d2-19-2-357	7	20	1306	75274.7993	3090	2368	0.766343	1598279	5545366.5	0.288219	1388576	49.694008	28.284271	555.009888	67538.63848	498488334.1	12204106.36	306	1042.496732	0.798	45.411919	0.30164	0.360189	0.338171	513.27417	3509.477631	71252.0475	1026.54834	13636.39412	3869911.583	3224.996723	42854.04522	12158027.32	1612.498362	42710.2646	498444011.4
d2-19-2-360	4	17	533	35014.03778	2545	2881	1.132024	869168	3521945.5	0.246786	650875	63.471931	27.202942	563.169617	36385.80473	364421333.3	6923750.382	74	915.932432	0.663	43.709695	0.280511	0.463512	0.255977	184.994949	1159.094588	33669.94824	369.989899	4509.715136	2198904.211	1162.357548	14167.68794	6908420.336	581.178774	14134.82175	364406617.3
